5.145761966705322266e-01
8.681265711784362793e-01
5.965634584426879883e-01
6.070766448974609375e-01
4.014227986335754395e-01
3.870413303375244141e-01
4.247251749038696289e-01
7.967449426651000977e-01
3.238397836685180664e-01
5.190467834472656250e-01
4.184781312942504883e-01
4.856270551681518555e-01
8.262288570404052734e-02
3.783079981803894043e-01
3.066954612731933594e-01
8.987036347389221191e-01
7.147490978240966797e-03
3.319382667541503906e-02
7.998943328857421875e-03
1.923567056655883789e-02
4.724029302597045898e-01
9.219270944595336914e-02
2.922040224075317383e-01
4.864476323127746582e-01
5.536998510360717773e-01
3.479957580566406250e-03
3.504581451416015625e-01
2.363974452018737793e-01
5.805426239967346191e-01
4.088629484176635742e-01
5.565235614776611328e-01
6.069535613059997559e-01
2.570071220397949219e-01
6.016023159027099609e-01
5.516922473907470703e-02
8.307415246963500977e-01
6.708034276962280273e-01
8.801809549331665039e-01
7.459959983825683594e-01
2.520494461059570312e-01
8.478069305419921875e-02
6.328338384628295898e-01
4.313750267028808594e-01
5.720812678337097168e-01
4.792696237564086914e-02
1.070965528488159180e-01
6.496446132659912109e-01
5.945017933845520020e-01
5.187630653381347656e-03
5.831565856933593750e-01
1.021629571914672852e-02
5.104896426200866699e-01
9.869515895843505859e-02
6.262454986572265625e-01
7.277045249938964844e-01
6.755082607269287109e-01
7.636254429817199707e-01
1.171869039535522461e-02
7.728809118270874023e-01
2.633820176124572754e-01
3.422319889068603516e-02
6.360120773315429688e-01
3.475496768951416016e-01
6.843560934066772461e-02
3.106370568275451660e-01
8.630752563476562500e-02
7.845872640609741211e-02
8.366994857788085938e-01
6.053122878074645996e-01
6.906549930572509766e-01
1.426401138305664062e-01
8.716555833816528320e-01
7.704248428344726562e-01
6.134597063064575195e-01
4.054878354072570801e-01
8.190596103668212891e-01
1.618078947067260742e-01
6.095429062843322754e-01
2.802205085754394531e-02
7.227818369865417480e-01
5.602898001670837402e-01
7.115346789360046387e-01
2.939619421958923340e-01
7.385108470916748047e-01
1.417537331581115723e-01
4.383981823921203613e-01
5.882309079170227051e-01
2.319936156272888184e-01
7.001106739044189453e-01
6.495026350021362305e-01
8.325239419937133789e-01
6.830139160156250000e-01
3.609324097633361816e-01
6.485083103179931641e-01
1.167653203010559082e-01
2.110369801521301270e-01
7.350093126296997070e-01
6.459595561027526855e-01
5.767521262168884277e-01
7.524014115333557129e-01
8.625821471214294434e-01
6.262694597244262695e-01
2.420431375503540039e-02
3.483748435974121094e-01
7.598502635955810547e-01
6.963793039321899414e-01
7.844491600990295410e-01
6.964676380157470703e-01
8.834155797958374023e-01
5.126798152923583984e-02
5.600379705429077148e-01
8.556610345840454102e-02
6.574630737304687500e-02
1.910477876663208008e-02
8.070484399795532227e-01
9.258211255073547363e-01
7.095955610275268555e-01
2.115130424499511719e-02
6.398741006851196289e-01
4.206171035766601562e-01
4.997138977050781250e-01
3.113460540771484375e-02
6.770852804183959961e-01
7.165822386741638184e-01
1.320399641990661621e-01
2.269527316093444824e-01
7.105053663253784180e-01
9.728908538818359375e-03
5.986710190773010254e-01
7.548704147338867188e-01
9.232877492904663086e-01
6.403120756149291992e-01
8.578473329544067383e-02
4.697960615158081055e-01
8.129835128784179688e-01
1.056249141693115234e-01
4.645406007766723633e-01
4.367035627365112305e-01
7.472878694534301758e-02
6.933988332748413086e-01
5.564706325531005859e-01
4.839731454849243164e-01
8.631978034973144531e-01
4.879590868949890137e-01
6.943442225456237793e-01
4.155775904655456543e-01
5.175828933715820312e-03
1.976257562637329102e-02
4.269337654113769531e-02
7.260115742683410645e-01
2.784115672111511230e-01
2.739496231079101562e-01
7.950826883316040039e-01
7.741125822067260742e-01
6.108557581901550293e-01
8.159839510917663574e-01
7.599313259124755859e-01
6.375654935836791992e-01
3.170133233070373535e-01
3.876316547393798828e-02
5.739450454711914062e-03
3.907693028450012207e-01
4.970003366470336914e-01
1.434669494628906250e-01
6.173124313354492188e-01
5.807211399078369141e-01
4.662547111511230469e-01
6.034541130065917969e-01
2.357814311981201172e-01
8.614133000373840332e-01
6.414252519607543945e-02
2.229664921760559082e-01
4.588738679885864258e-01
7.647387385368347168e-01
9.211283922195434570e-01
6.607074737548828125e-01
6.551735401153564453e-01
6.562315821647644043e-01
6.834516525268554688e-01
1.209213733673095703e-01
2.070197463035583496e-01
6.192634701728820801e-01
1.671429872512817383e-01
1.885282993316650391e-02
6.952114105224609375e-01
4.126656651496887207e-01
1.775026321411132812e-01
4.871082901954650879e-01
6.525787711143493652e-01
7.825387120246887207e-01
4.331521987915039062e-01
8.469419479370117188e-01
8.674957752227783203e-01
7.379544973373413086e-01
8.437498807907104492e-01
5.952292680740356445e-02
6.446134448051452637e-01
5.632798671722412109e-01
2.435855269432067871e-01
4.554951190948486328e-02
1.675446033477783203e-01
1.229396462440490723e-01
8.222259879112243652e-01
9.488885998725891113e-01
4.392090439796447754e-01
8.197453022003173828e-01
2.777562737464904785e-01
6.527377367019653320e-01
7.051708102226257324e-01
5.460765361785888672e-01
4.158222675323486328e-02
5.408275127410888672e-01
7.424402236938476562e-01
1.901941299438476562e-01
7.714751362800598145e-01
6.535257101058959961e-01
7.203171253204345703e-01
7.012624740600585938e-01
6.058153510093688965e-01
8.959952592849731445e-01
8.242753744125366211e-01
4.313721060752868652e-01
2.029848098754882812e-02
7.728153467178344727e-02
3.826081752777099609e-03
2.530558705329895020e-01
6.675754785537719727e-01
4.368782043457031250e-03
3.580327630043029785e-01
7.695112228393554688e-01
4.369274377822875977e-01
6.633413434028625488e-01
7.565813660621643066e-01
7.953288555145263672e-01
3.046062588691711426e-01
7.030407190322875977e-01
9.368926882743835449e-01
7.297596931457519531e-01
6.155498027801513672e-01
1.832909584045410156e-01
8.036023378372192383e-02
4.748994112014770508e-01
8.814578056335449219e-01
3.864068984985351562e-01
6.528847217559814453e-01
5.879719257354736328e-01
6.973335742950439453e-01
6.224544048309326172e-01
3.589922189712524414e-02
5.435551404953002930e-01
7.360694408416748047e-01
2.896473407745361328e-01
6.649782657623291016e-01
4.539219737052917480e-01
5.759647488594055176e-01
1.736287474632263184e-01
1.925879716873168945e-02
5.206215381622314453e-02
4.154348373413085938e-02
5.639731884002685547e-03
8.503327965736389160e-01
1.001058816909790039e-01
7.117323875427246094e-01
3.140925168991088867e-01
7.135443687438964844e-01
8.778718709945678711e-01
4.807662963867187500e-01
5.509197711944580078e-02
2.720689773559570312e-02
3.768903017044067383e-02
8.336890935897827148e-01
6.384143829345703125e-01
8.940139412879943848e-01
9.145336151123046875e-01
3.218967914581298828e-01
5.894293189048767090e-01
3.448609113693237305e-01
5.321085453033447266e-01
9.338709712028503418e-01
6.688833832740783691e-01
5.690869092941284180e-01
3.465988636016845703e-01
2.141842246055603027e-01
8.321855664253234863e-01
7.890929579734802246e-01
4.331960082054138184e-01
5.710411071777343750e-02
7.310887575149536133e-01
8.733185529708862305e-01
8.129838705062866211e-01
7.712361812591552734e-01
5.965848565101623535e-01
1.500024199485778809e-01
8.421105742454528809e-01
2.237702012062072754e-01
8.480651974678039551e-01
6.436500549316406250e-01
6.022843122482299805e-01
7.506104111671447754e-01
7.518121600151062012e-01
2.468178272247314453e-01
4.905030131340026855e-01
2.332674264907836914e-01
7.225039601325988770e-01
7.426261901855468750e-03
6.725047826766967773e-01
1.679933071136474609e-02
4.330599904060363770e-01
5.355682373046875000e-01
8.837051987648010254e-01
4.289584159851074219e-01
3.992530107498168945e-01
6.490653157234191895e-01
6.500048041343688965e-01
3.546958565711975098e-01
5.238850712776184082e-01
3.909838199615478516e-01
7.223329544067382812e-01
2.963123917579650879e-01
2.620518803596496582e-01
6.204011440277099609e-01
7.315804362297058105e-01
5.662533640861511230e-01
7.685766220092773438e-01
6.222320795059204102e-01
5.455135107040405273e-01
7.424273490905761719e-01
3.290547728538513184e-01
6.545442342758178711e-01
5.726225972175598145e-01
2.710036635398864746e-01
2.490943670272827148e-01
3.955876827239990234e-02
2.790614366531372070e-01
6.079994440078735352e-01
8.426459431648254395e-01
7.083469629287719727e-01
8.509169220924377441e-01
8.629834055900573730e-01
7.199864387512207031e-01
6.001790165901184082e-01
1.381838917732238770e-01
9.139682054519653320e-01
4.930659532546997070e-01
5.597472190856933594e-04
4.869954586029052734e-01
1.564148664474487305e-01
8.537303805351257324e-01
3.912553787231445312e-01
6.049209833145141602e-01
5.220457315444946289e-01
8.338537216186523438e-01
4.886949062347412109e-02
3.673183917999267578e-01
1.543617248535156250e-02
5.771067142486572266e-01
6.092357635498046875e-02
4.967558383941650391e-01
3.772132992744445801e-01
7.497958540916442871e-01
1.040196418762207031e-02
7.972996234893798828e-01
7.477215528488159180e-01
9.219467639923095703e-03
4.192010760307312012e-01
3.056132793426513672e-02
6.413503289222717285e-01
7.331703901290893555e-01
1.012450456619262695e-02
5.859518051147460938e-01
4.359759092330932617e-01
1.151926517486572266e-01
4.261651039123535156e-01
7.999950647354125977e-01
6.783082485198974609e-01
5.100319385528564453e-01
1.536145806312561035e-01
8.193618059158325195e-02
5.809193849563598633e-01
9.529654979705810547e-01
1.262745857238769531e-01
1.393681764602661133e-02
7.186348438262939453e-01
3.902921676635742188e-01
5.810231566429138184e-01
6.092637777328491211e-01
1.747580170631408691e-01
1.252713799476623535e-01
6.046906709671020508e-01
6.575582027435302734e-01
3.836494684219360352e-02
4.317972660064697266e-01
4.983379840850830078e-01
1.782941222190856934e-01
1.105595827102661133e-01
9.047721624374389648e-01
4.604398608207702637e-01
6.022544503211975098e-01
5.625449419021606445e-01
6.533802747726440430e-01
9.824961423873901367e-02
5.186623334884643555e-02
4.447432756423950195e-01
7.149575948715209961e-01
6.156859397888183594e-01
6.998294591903686523e-02
7.619700431823730469e-01
4.566458463668823242e-01
2.911767959594726562e-01
2.306178212165832520e-01
5.363531708717346191e-01
4.354886412620544434e-01
8.220567703247070312e-01
4.090758562088012695e-01
7.038074731826782227e-01
5.456931591033935547e-01
1.252526044845581055e-02
7.748454213142395020e-01
2.209327816963195801e-01
7.977564334869384766e-01
6.410362720489501953e-01
1.104272603988647461e-01
5.448467731475830078e-01
4.806112051010131836e-01
5.601561069488525391e-02
6.042919158935546875e-01
3.385343551635742188e-01
5.363800525665283203e-01
5.115572214126586914e-01
5.891067981719970703e-01
7.466993331909179688e-01
3.537994623184204102e-02
7.703896164894104004e-01
7.151691913604736328e-01
5.710347294807434082e-01
1.236140727996826172e-02
5.520845055580139160e-01
8.262609243392944336e-01
3.928135037422180176e-01
5.299997329711914062e-01
1.008063554763793945e-01
5.205079317092895508e-01
6.475670933723449707e-01
8.093041181564331055e-02
8.364970088005065918e-01
3.560944795608520508e-01
4.967199563980102539e-01
1.149972081184387207e-01
2.122849225997924805e-01
6.851102113723754883e-01
6.627612113952636719e-01
3.082453608512878418e-01
6.835826039314270020e-01
6.322576999664306641e-01
7.619994878768920898e-01
8.221399784088134766e-01
7.653053998947143555e-01
5.604073405265808105e-01
7.445010542869567871e-01
1.683819293975830078e-02
6.370663642883300781e-02
8.771934509277343750e-01
6.462026834487915039e-01
6.536271572113037109e-01
6.322487592697143555e-01
1.787685751914978027e-01
9.403665661811828613e-01
1.505522727966308594e-01
3.434993028640747070e-01
6.715316772460937500e-01
2.924785614013671875e-01
6.598377823829650879e-01
9.094581604003906250e-01
5.731816291809082031e-01
7.640234827995300293e-01
2.758764624595642090e-01
9.050216078758239746e-01
3.590357303619384766e-02
7.537474036216735840e-01
7.978723049163818359e-01
6.854578256607055664e-01
2.496063709259033203e-02
7.189574241638183594e-01
3.025207519531250000e-01
3.208671212196350098e-01
1.459394693374633789e-01
7.562266588211059570e-01
7.444458007812500000e-01
2.669329047203063965e-01
6.466811299324035645e-01
3.334699273109436035e-01
7.373288869857788086e-01
2.614220380783081055e-01
7.474197149276733398e-01
5.374372005462646484e-03
7.329174876213073730e-01
8.383697867393493652e-01
4.923161268234252930e-01
1.303380131721496582e-01
3.845648169517517090e-01
6.585410237312316895e-01
5.147829055786132812e-01
4.924255609512329102e-02
8.169488906860351562e-01
4.881864786148071289e-02
7.057537436485290527e-01
8.527055978775024414e-01
3.195737600326538086e-01
1.683459877967834473e-01
1.333136558532714844e-01
3.749892711639404297e-01
6.148338317871093750e-03
5.402055978775024414e-01
7.741370797157287598e-01
2.639535665512084961e-01
7.969629764556884766e-02
8.307536244392395020e-01
7.931649088859558105e-01
6.577746868133544922e-01
5.492814779281616211e-01
7.791799306869506836e-02
6.841021776199340820e-02
8.526947498321533203e-01
9.060433506965637207e-01
1.646837592124938965e-01
4.819073081016540527e-01
1.373534202575683594e-01
8.194653987884521484e-01
5.900597572326660156e-01
6.376227140426635742e-01
5.033643245697021484e-01
6.425380110740661621e-01
4.481201171875000000e-01
6.809939146041870117e-01
3.487837910652160645e-01
4.930427670478820801e-01
6.638072729110717773e-01
2.756929993629455566e-01
5.856865644454956055e-02
5.614738464355468750e-01
3.625289797782897949e-01
9.101368188858032227e-01
3.976831436157226562e-01
6.248419284820556641e-01
7.366530895233154297e-01
6.748803853988647461e-01
7.919797301292419434e-01
1.717060804367065430e-02
6.469855904579162598e-01
6.427091360092163086e-01
1.181805729866027832e-01
2.158965468406677246e-01
5.523532629013061523e-02
2.748327851295471191e-01
4.493623375892639160e-01
4.549133777618408203e-02
6.054558753967285156e-01
2.128941416740417480e-01
6.919032335281372070e-01
5.031335353851318359e-02
8.733849525451660156e-01
5.791565179824829102e-01
1.024088263511657715e-01
1.949191093444824219e-03
5.373045802116394043e-01
5.251151323318481445e-01
3.474137187004089355e-01
6.511446237564086914e-01
3.527390956878662109e-02
2.350862026214599609e-01
7.709664106369018555e-02
5.719824433326721191e-01
9.179112315177917480e-01
4.978478550910949707e-01
5.524512529373168945e-01
1.591157913208007812e-02
7.386627197265625000e-01
5.148661732673645020e-01
7.388266324996948242e-01
4.903584122657775879e-01
6.556010246276855469e-01
3.890509605407714844e-01
4.607682824134826660e-01
3.729487657546997070e-01
2.613376975059509277e-01
5.754513740539550781e-01
8.479951620101928711e-01
4.652752876281738281e-01
6.642948389053344727e-01
6.350749731063842773e-02
5.468038320541381836e-01
8.101582527160644531e-03
7.122355103492736816e-01
6.743986606597900391e-01
8.841692209243774414e-01
8.082877397537231445e-01
3.172258734703063965e-01
6.472612023353576660e-01
4.246263504028320312e-01
8.741150498390197754e-01
5.180751681327819824e-01
9.279155731201171875e-01
8.064197301864624023e-01
8.336085081100463867e-01
8.467191457748413086e-01
4.713324308395385742e-01
4.142198562622070312e-01
3.295017480850219727e-01
7.730583548545837402e-01
4.328861832618713379e-01
4.438765048980712891e-01
4.248964786529541016e-01
1.104266643524169922e-01
7.777503728866577148e-01
5.086263418197631836e-01
3.152161240577697754e-01
6.518912315368652344e-01
3.385026454925537109e-01
7.648789882659912109e-01
4.623365402221679688e-01
8.170950412750244141e-01
7.733732461929321289e-02
2.621967196464538574e-01
6.502398252487182617e-01
7.729730606079101562e-01
7.188260555267333984e-02
2.979538440704345703e-01
5.273514986038208008e-02
4.030571579933166504e-01
6.370413303375244141e-01
1.428306102752685547e-02
1.912337541580200195e-02
7.289648056030273438e-02
2.560595273971557617e-01
7.193958759307861328e-02
4.769945144653320312e-02
6.763333082199096680e-01
8.605704307556152344e-01
8.504647016525268555e-01
3.547940254211425781e-01
3.446508646011352539e-01
4.737073779106140137e-01
1.470493674278259277e-01
4.542707204818725586e-01
8.447355031967163086e-01
4.122925400733947754e-01
6.351548433303833008e-01
8.112897276878356934e-01
1.108791828155517578e-01
1.884448528289794922e-02
6.627169847488403320e-01
5.171988606452941895e-01
6.446975469589233398e-02
5.247736573219299316e-01
2.663112282752990723e-01
7.106530666351318359e-01
1.121324896812438965e-01
2.087064385414123535e-01
6.462415456771850586e-01
1.940508484840393066e-01
4.595633745193481445e-01
4.045919179916381836e-01
7.470123767852783203e-01
1.305140852928161621e-01
1.741353273391723633e-01
2.101214528083801270e-01
7.083454728126525879e-01
6.095802187919616699e-01
6.507061719894409180e-01
5.719354152679443359e-01
6.966810822486877441e-01
1.969647407531738281e-02
7.070721983909606934e-01
7.704007029533386230e-01
7.443083524703979492e-01
5.551826953887939453e-02
2.198978066444396973e-01
1.061669588088989258e-01
6.884359121322631836e-01
7.211768627166748047e-01
7.037081122398376465e-01
7.480934858322143555e-01
9.046562910079956055e-01
6.255592107772827148e-01
9.488986134529113770e-01
8.356451988220214844e-02
7.685649394989013672e-01
1.112685799598693848e-01
4.808479547500610352e-02
4.741976261138916016e-01
5.250157117843627930e-01
8.912799954414367676e-01
7.818590402603149414e-01
3.762837648391723633e-01
6.452566981315612793e-01
7.005345821380615234e-02
3.385835886001586914e-01
3.218879103660583496e-01
4.376579523086547852e-01
7.660775780677795410e-01
1.037413477897644043e-01
7.749285697937011719e-01
6.419561505317687988e-01
7.490420341491699219e-01
3.686767816543579102e-02
6.816480755805969238e-01
4.378702044486999512e-01
7.632535696029663086e-01
3.375402092933654785e-01
7.284346818923950195e-01
6.672384738922119141e-01
5.926427245140075684e-01
7.816472649574279785e-01
1.025504469871520996e-01
3.141775727272033691e-01
7.525236010551452637e-01
6.272349357604980469e-01
6.886695623397827148e-01
8.549424409866333008e-01
9.227553606033325195e-01
6.607083678245544434e-01
1.491082906723022461e-01
5.941520929336547852e-01
4.512219429016113281e-01
9.914678335189819336e-02
5.411069989204406738e-01
2.378138303756713867e-01
7.283058166503906250e-01
7.641797065734863281e-01
9.023237228393554688e-01
4.544985294342041016e-01
8.147847652435302734e-02
6.636037230491638184e-01
3.051480650901794434e-01
8.396381735801696777e-01
1.698946356773376465e-01
3.246226310729980469e-01
6.635384559631347656e-01
7.263296842575073242e-02
8.693774342536926270e-01
2.392746806144714355e-01
5.710890293121337891e-01
7.210310697555541992e-01
1.133304238319396973e-01
6.209514141082763672e-01
4.793294072151184082e-01
7.738180160522460938e-01
4.876282215118408203e-01
7.228190302848815918e-01
2.975236177444458008e-01
7.499396800994873047e-03
1.235110759735107422e-01
3.394252657890319824e-01
5.852265954017639160e-01
6.614027023315429688e-01
4.058601856231689453e-01
7.092324495315551758e-01
6.201040148735046387e-01
7.544261217117309570e-01
7.555484771728515625e-01
7.827789187431335449e-01
1.827239990234375000e-02
4.079963564872741699e-01
7.137783765792846680e-01
6.066254377365112305e-01
9.704053401947021484e-03
2.304645776748657227e-01
7.577180266380310059e-01
3.413519859313964844e-01
7.310155630111694336e-01
3.539749383926391602e-01
8.855521678924560547e-03
8.089638352394104004e-01
9.552800655364990234e-02
3.541386127471923828e-02
5.806457996368408203e-01
6.381549239158630371e-01
4.020333290100097656e-03
8.661862611770629883e-01
3.212555646896362305e-01
9.774029254913330078e-02
8.283632993698120117e-01
3.767551183700561523e-01
8.450658917427062988e-01
6.246442794799804688e-01
3.381786346435546875e-01
8.811590671539306641e-01
4.940092563629150391e-03
7.339360713958740234e-01
9.198935627937316895e-01
3.678585886955261230e-01
8.924235105514526367e-01
2.329795360565185547e-01
5.539344549179077148e-01
6.126046180725097656e-01
8.768488168716430664e-01
3.062816858291625977e-01
6.312916278839111328e-01
4.983746409416198730e-01
7.560984492301940918e-01
5.829946994781494141e-01
3.433338403701782227e-01
5.615829229354858398e-01
8.845307230949401855e-01
8.407504558563232422e-01
7.046657800674438477e-02
6.465227603912353516e-01
3.065580129623413086e-02
6.746810674667358398e-01
5.532517433166503906e-01
7.976647615432739258e-01
3.025553226470947266e-01
2.006858587265014648e-02
6.468906998634338379e-01
8.343241810798645020e-01
6.367168426513671875e-01
8.370125889778137207e-01
8.498907089233398438e-03
3.779698610305786133e-01
3.769381642341613770e-01
8.031868338584899902e-01
5.554023981094360352e-01
2.702182531356811523e-02
2.600044012069702148e-02
3.610247969627380371e-01
3.570688962936401367e-01
8.800942897796630859e-01
1.635760664939880371e-01
8.280848264694213867e-01
3.689666986465454102e-01
7.747096419334411621e-01
6.616274118423461914e-01
7.565473914146423340e-01
5.794652700424194336e-01
6.558150053024291992e-01
3.286674618721008301e-01
6.546337604522705078e-01
7.477188706398010254e-01
3.826156854629516602e-01
1.975159049034118652e-01
7.683550119400024414e-01
1.119434833526611328e-03
8.922033309936523438e-01
2.733480930328369141e-02
6.281602382659912109e-02
1.291768550872802734e-01
2.510182261466979980e-01
7.571426630020141602e-01
2.644298672676086426e-01
8.141034245491027832e-01
5.497455596923828125e-03
6.709978580474853516e-01
5.029672980308532715e-01
7.517831921577453613e-01
5.913109779357910156e-01
8.073523044586181641e-01
7.502976655960083008e-01
7.529538869857788086e-01
8.791878819465637207e-01
5.802849531173706055e-01
1.000000000000000000e+00
7.420136928558349609e-01
8.435786962509155273e-01
8.785564303398132324e-01
7.680147886276245117e-01
5.286604166030883789e-01
3.651908636093139648e-01
6.772354245185852051e-01
5.646733045578002930e-01
7.043898701667785645e-01
1.640461683273315430e-01
8.807715177536010742e-01
7.409460544586181641e-01
8.481952548027038574e-01
6.347326040267944336e-01
4.631401300430297852e-01
8.318241238594055176e-01
5.127234458923339844e-01
3.279654383659362793e-01
1.471529603004455566e-01
8.284977078437805176e-01
5.864362716674804688e-01
1.569284200668334961e-01
4.897909164428710938e-01
6.248549222946166992e-01
6.911584734916687012e-01
3.966171145439147949e-01
8.125315904617309570e-01
8.079543113708496094e-01
8.235856294631958008e-01
6.709941625595092773e-01
7.508037090301513672e-01
6.559115648269653320e-02
6.774024367332458496e-01
6.335481405258178711e-01
3.219228982925415039e-02
9.417210817337036133e-01
5.380207300186157227e-01
6.844191551208496094e-01
4.944221377372741699e-01
4.873549938201904297e-02
2.905143499374389648e-01
3.757218122482299805e-01
8.229565620422363281e-01
1.785206794738769531e-02
5.387263298034667969e-01
3.059616684913635254e-01
3.478398919105529785e-01
6.135621070861816406e-01
4.259781837463378906e-01
9.453111886978149414e-02
4.642355442047119141e-02
7.313978672027587891e-01
7.296599149703979492e-01
9.163266420364379883e-02
1.870077848434448242e-02
5.502194166183471680e-01
7.579360604286193848e-01
5.233663320541381836e-01
2.830953598022460938e-01
2.716235518455505371e-01
7.551980018615722656e-01
5.745939016342163086e-01
6.260657906532287598e-01
2.040922641754150391e-02
1.069861650466918945e-02
2.073209881782531738e-01
6.201279163360595703e-01
6.058665513992309570e-01
3.378933668136596680e-02
6.213525533676147461e-01
4.607280492782592773e-01
7.565129995346069336e-01
1.202312111854553223e-01
8.183330893516540527e-01
3.837566971778869629e-01
9.271121025085449219e-02
4.175442457199096680e-02
6.566060185432434082e-01
8.015105724334716797e-01
5.037946105003356934e-01
4.262815713882446289e-01
6.313152313232421875e-01
7.931946516036987305e-01
5.137248635292053223e-01
5.440112352371215820e-01
8.057345747947692871e-01
9.514212608337402344e-02
5.579234361648559570e-01
1.772189736366271973e-01
7.349170446395874023e-01
4.138112068176269531e-03
6.758843064308166504e-01
4.567828774452209473e-01
4.069865345954895020e-01
2.328841090202331543e-01
5.203222632408142090e-01
4.395816326141357422e-01
1.161072254180908203e-01
9.108253121376037598e-01
7.721637487411499023e-01
6.052840352058410645e-01
5.318910479545593262e-01
9.070337414741516113e-01
9.284248352050781250e-01
8.275617361068725586e-01
3.813624978065490723e-01
9.242143034934997559e-01
3.559894561767578125e-01
9.382519125938415527e-01
3.614681959152221680e-02
7.983258366584777832e-01
4.209374785423278809e-01
4.669097065925598145e-01
2.691960334777832031e-01
4.602077603340148926e-01
6.518398523330688477e-01
7.948452830314636230e-01
6.337741613388061523e-01
6.108138561248779297e-01
3.895998001098632812e-03
8.800168633460998535e-01
2.001954913139343262e-01
8.852666020393371582e-01
9.525104761123657227e-01
7.447997331619262695e-01
8.644343614578247070e-01
4.105130434036254883e-01
5.634073019027709961e-01
6.560413837432861328e-01
5.144386291503906250e-01
5.177037715911865234e-01
3.611046075820922852e-02
6.909120082855224609e-01
1.514979004859924316e-01
4.775534868240356445e-01
3.571027517318725586e-01
6.678998470306396484e-03
8.022754192352294922e-01
2.266503572463989258e-01
