6.217491626739501953e-01
6.661812067031860352e-01
8.821531534194946289e-01
9.711322188377380371e-01
7.221202850341796875e-01
4.923180341720581055e-01
8.647686243057250977e-01
6.712503433227539062e-01
7.395865917205810547e-01
7.692475914955139160e-01
9.270042181015014648e-01
4.383497834205627441e-01
9.431340098381042480e-01
5.801742076873779297e-01
7.202107310295104980e-01
8.146231770515441895e-01
7.924474477767944336e-01
9.073829054832458496e-01
3.350198268890380859e-01
8.161774277687072754e-01
6.862188577651977539e-01
8.007771968841552734e-01
7.736642956733703613e-01
9.004849195480346680e-01
8.655522465705871582e-01
5.046546459197998047e-01
8.837606310844421387e-01
9.007854461669921875e-01
7.765681147575378418e-01
9.377056360244750977e-01
9.204863309860229492e-01
7.612565755844116211e-01
8.082992434501647949e-01
8.979339599609375000e-01
7.761901021003723145e-01
9.150628447532653809e-01
8.644556403160095215e-01
8.999068737030029297e-01
8.437885046005249023e-01
3.798207640647888184e-01
8.403064608573913574e-01
5.039575099945068359e-01
7.379489541053771973e-01
9.329569339752197266e-02
7.845379114151000977e-01
8.701829910278320312e-01
7.751718759536743164e-01
9.030537605285644531e-01
5.601106882095336914e-01
8.573723435401916504e-01
8.246647119522094727e-01
1.000000000000000000e+00
9.039022326469421387e-01
6.391803026199340820e-01
8.485983610153198242e-01
4.186377525329589844e-01
4.489514827728271484e-01
5.289509296417236328e-01
7.655407786369323730e-01
8.396916985511779785e-01
7.737108469009399414e-01
7.679520249366760254e-01
8.690054416656494141e-01
8.945360779762268066e-01
8.997095227241516113e-01
4.243581891059875488e-01
6.262550354003906250e-01
7.459613084793090820e-01
4.206799268722534180e-01
2.458944916725158691e-01
1.774354577064514160e-01
9.234431982040405273e-01
7.364317178726196289e-01
4.872826933860778809e-01
8.784741759300231934e-01
6.579684615135192871e-01
8.784206509590148926e-01
8.239634037017822266e-01
7.671354413032531738e-01
5.136519670486450195e-01
8.414244055747985840e-01
6.771968603134155273e-01
9.111037850379943848e-01
9.093551635742187500e-01
8.688693642616271973e-01
8.719630241394042969e-01
7.158871889114379883e-01
5.745961070060729980e-01
5.088062882423400879e-01
9.154325127601623535e-01
8.416440486907958984e-01
8.507002592086791992e-01
7.950087785720825195e-01
7.085622549057006836e-01
7.379817962646484375e-01
8.504377603530883789e-01
8.740177750587463379e-01
5.850883722305297852e-01
7.617938518524169922e-01
7.409267425537109375e-01
8.833337426185607910e-01
4.080550074577331543e-01
8.577240705490112305e-01
6.903628110885620117e-01
8.402083516120910645e-01
2.351404428482055664e-01
8.533055782318115234e-01
7.913631796836853027e-01
7.704349160194396973e-01
5.574609041213989258e-01
7.397679686546325684e-01
6.439045667648315430e-01
6.853277087211608887e-01
3.676972985267639160e-01
6.490952372550964355e-01
8.307000398635864258e-01
9.067244529724121094e-01
8.745392560958862305e-01
8.099571466445922852e-01
5.245518684387207031e-01
8.243911862373352051e-01
8.028615713119506836e-01
7.044184207916259766e-01
8.315509557723999023e-01
8.166068792343139648e-01
7.806594967842102051e-01
6.362229585647583008e-01
9.673556089401245117e-01
8.926461935043334961e-01
6.883819699287414551e-01
5.838139057159423828e-01
9.281698465347290039e-01
8.523306846618652344e-01
6.364960074424743652e-01
9.208926558494567871e-01
4.563364386558532715e-01
7.717971801757812500e-01
9.147660136222839355e-01
9.207350015640258789e-01
8.781009912490844727e-01
8.882192969322204590e-01
6.379971504211425781e-01
8.207544088363647461e-01
5.790789127349853516e-01
7.536029219627380371e-01
7.841968536376953125e-01
8.373521566390991211e-01
6.763526797294616699e-01
8.703650236129760742e-01
8.024582862854003906e-01
8.826782703399658203e-01
8.726848959922790527e-01
4.813985228538513184e-01
8.684847354888916016e-01
8.364436626434326172e-01
8.414475321769714355e-01
9.211509227752685547e-01
7.464656829833984375e-01
9.339845776557922363e-01
5.708030462265014648e-01
9.043274521827697754e-01
8.706701993942260742e-01
8.369303345680236816e-01
9.574254751205444336e-01
8.390356302261352539e-01
5.284717679023742676e-01
6.689072847366333008e-01
8.187478780746459961e-01
7.787300348281860352e-01
9.349774122238159180e-01
6.791391968727111816e-01
8.641811609268188477e-01
7.737641334533691406e-01
7.328808307647705078e-01
8.673123717308044434e-01
3.631991147994995117e-01
8.271793723106384277e-01
8.354347348213195801e-01
7.306185960769653320e-01
7.490013241767883301e-01
5.526282787322998047e-01
8.436182737350463867e-01
8.880499601364135742e-01
6.728948950767517090e-01
6.418340206146240234e-01
5.543456077575683594e-01
4.967925548553466797e-01
9.716061353683471680e-01
8.502268791198730469e-01
6.874291300773620605e-01
7.711611390113830566e-01
7.450081110000610352e-01
5.423461794853210449e-01
6.689222455024719238e-01
5.078953504562377930e-01
8.590726852416992188e-01
6.770849227905273438e-01
8.062154054641723633e-01
8.209611177444458008e-01
8.640269041061401367e-01
8.111242055892944336e-01
6.386647224426269531e-01
9.074519276618957520e-01
9.170603156089782715e-01
9.016819596290588379e-01
6.896133422851562500e-01
6.680777668952941895e-01
7.803747653961181641e-01
6.127045154571533203e-01
7.537562847137451172e-01
8.106619119644165039e-01
9.035403132438659668e-01
6.254605054855346680e-01
5.863038897514343262e-01
8.120167851448059082e-01
5.990254878997802734e-01
6.176946163177490234e-01
7.276896238327026367e-01
6.886752843856811523e-01
8.282622098922729492e-01
5.998919010162353516e-01
3.291416764259338379e-01
6.640888452529907227e-01
7.139914035797119141e-01
7.032179832458496094e-01
5.435066223144531250e-01
5.873992443084716797e-01
8.401855826377868652e-01
9.225341677665710449e-01
6.923515796661376953e-01
9.142020940780639648e-01
8.283315300941467285e-01
7.696974873542785645e-01
7.685552835464477539e-01
8.462274074554443359e-01
7.849652767181396484e-01
9.086675643920898438e-01
7.620835304260253906e-01
7.981212139129638672e-01
6.607909202575683594e-01
6.553871631622314453e-01
7.257176637649536133e-01
5.000594854354858398e-01
7.857146859169006348e-01
1.000000000000000000e+00
5.223253369331359863e-01
8.496906161308288574e-01
5.758513212203979492e-01
7.489933371543884277e-01
9.035068750381469727e-01
9.517759084701538086e-01
7.452042102813720703e-01
8.460802435874938965e-01
9.506518244743347168e-01
7.794765830039978027e-01
6.127928495407104492e-01
9.403344392776489258e-01
8.982081413269042969e-01
6.194360852241516113e-01
4.999967217445373535e-01
9.498370289802551270e-01
8.809234499931335449e-01
7.396242618560791016e-01
9.076811671257019043e-01
8.850336074829101562e-01
7.614447474479675293e-01
7.114297151565551758e-01
8.669854402542114258e-01
7.426354885101318359e-01
6.442050933837890625e-01
7.515183687210083008e-01
9.296274185180664062e-01
4.043703079223632812e-01
7.491630315780639648e-01
7.027546167373657227e-01
7.991830110549926758e-01
4.839838743209838867e-01
8.163311481475830078e-01
8.107070922851562500e-01
8.137170672416687012e-01
8.466665744781494141e-01
9.358181953430175781e-01
6.833925247192382812e-01
9.033522605895996094e-01
7.656227946281433105e-01
6.980431675910949707e-01
3.087837100028991699e-01
9.399355053901672363e-01
7.823731899261474609e-01
9.319871664047241211e-01
8.598207235336303711e-01
6.722639799118041992e-01
8.009847402572631836e-01
7.360927462577819824e-01
8.121020197868347168e-01
8.938677310943603516e-01
8.442567586898803711e-01
6.949117779731750488e-01
8.097606301307678223e-01
6.520582437515258789e-01
7.610900998115539551e-01
7.266974449157714844e-01
9.065783619880676270e-01
7.458248138427734375e-01
7.671380639076232910e-01
5.871135592460632324e-01
7.109814882278442383e-01
7.963629364967346191e-01
6.817072629928588867e-01
9.820013046264648438e-01
7.968840599060058594e-01
5.004527568817138672e-01
6.521179676055908203e-01
7.744441628456115723e-01
8.997991681098937988e-01
7.376785874366760254e-01
1.000000000000000000e+00
9.074947237968444824e-01
9.133917689323425293e-01
6.297745704650878906e-01
2.134563326835632324e-01
6.401675939559936523e-01
9.468111395835876465e-01
4.578974843025207520e-01
6.183533668518066406e-01
6.851998567581176758e-01
4.850520491600036621e-01
8.673264980316162109e-01
8.759233355522155762e-01
6.487505435943603516e-01
4.367325305938720703e-01
7.272177934646606445e-01
6.343002319335937500e-01
8.716281652450561523e-01
9.047857522964477539e-01
9.733908176422119141e-01
9.461995959281921387e-01
4.481353163719177246e-01
9.335369467735290527e-01
5.092793703079223633e-01
8.621222972869873047e-01
7.433547973632812500e-01
6.655710935592651367e-01
7.895313501358032227e-01
6.085438728332519531e-01
4.930977821350097656e-01
7.522827982902526855e-01
7.668749094009399414e-01
8.571407794952392578e-01
6.658517718315124512e-01
9.506117701530456543e-01
8.554114103317260742e-01
6.883325576782226562e-01
8.943580389022827148e-01
9.183517694473266602e-01
9.075257778167724609e-01
8.287751078605651855e-01
7.214477062225341797e-01
6.934766769409179688e-01
7.448722124099731445e-01
8.085911870002746582e-01
6.671161055564880371e-01
9.250738620758056641e-01
7.256371974945068359e-01
7.869656682014465332e-01
6.711205244064331055e-01
8.228899240493774414e-01
8.891820311546325684e-01
8.732156753540039062e-01
6.825845241546630859e-01
6.922973394393920898e-01
8.246791362762451172e-01
7.394334673881530762e-01
5.465222597122192383e-01
7.654193043708801270e-01
7.984828352928161621e-01
8.827661275863647461e-01
7.460827827453613281e-01
6.264409422874450684e-01
3.597879409790039062e-01
7.529435157775878906e-01
8.274235725402832031e-01
7.219445705413818359e-01
7.961536049842834473e-01
9.378848671913146973e-01
7.370380759239196777e-01
7.598879933357238770e-01
7.842673659324645996e-01
3.536389470100402832e-01
6.448384523391723633e-01
9.430711865425109863e-01
7.166883945465087891e-01
8.650727272033691406e-01
2.060466408729553223e-01
9.834267497062683105e-01
2.366124391555786133e-01
7.129757404327392578e-01
8.868130445480346680e-01
8.042149543762207031e-01
8.159011602401733398e-01
6.361591815948486328e-01
7.576315402984619141e-01
9.092082381248474121e-01
6.514655351638793945e-01
6.134784221649169922e-01
5.158629417419433594e-01
8.693175315856933594e-01
6.467411518096923828e-01
8.871717453002929688e-01
8.015208840370178223e-01
7.095053791999816895e-01
7.024441957473754883e-01
5.977835059165954590e-01
4.622101187705993652e-01
9.069028496742248535e-01
5.769760012626647949e-01
9.585430622100830078e-01
7.786397337913513184e-01
7.387403249740600586e-01
8.697153329849243164e-01
7.490727305412292480e-01
6.839638948440551758e-01
6.309597492218017578e-01
7.705713510513305664e-01
6.312759518623352051e-01
2.354475259780883789e-01
9.109029173851013184e-01
9.582413434982299805e-01
6.366112828254699707e-01
7.222852706909179688e-01
7.684296965599060059e-01
9.609054923057556152e-01
7.533283233642578125e-01
5.279731750488281250e-01
9.739525914192199707e-01
5.056997537612915039e-01
5.987643599510192871e-01
9.880428910255432129e-01
7.983077764511108398e-01
8.208619356155395508e-01
9.707940816879272461e-01
8.666492700576782227e-01
8.253229260444641113e-01
8.936387300491333008e-01
8.364576101303100586e-01
7.526063919067382812e-01
8.979527354240417480e-01
7.749232649803161621e-01
7.740526795387268066e-01
7.131185531616210938e-01
8.543702363967895508e-01
7.186965346336364746e-01
6.552851796150207520e-01
8.804183602333068848e-01
8.644122481346130371e-01
6.562892198562622070e-01
7.627250552177429199e-01
9.215824604034423828e-01
6.644679307937622070e-01
7.780523896217346191e-01
9.485642313957214355e-01
6.627663969993591309e-01
7.594295740127563477e-01
8.372812867164611816e-01
9.472560882568359375e-01
7.096702456474304199e-01
9.396485686302185059e-01
9.088656306266784668e-01
7.383196353912353516e-01
6.971130371093750000e-01
8.045078516006469727e-01
8.642517328262329102e-01
7.419185638427734375e-01
6.983469724655151367e-01
9.590751528739929199e-01
8.083066940307617188e-01
7.899190187454223633e-01
6.224664449691772461e-01
7.096989154815673828e-01
8.064594268798828125e-01
8.135857582092285156e-01
8.794713020324707031e-01
8.424479365348815918e-01
7.027957439422607422e-01
6.284102797508239746e-01
7.039369940757751465e-01
7.268645763397216797e-01
6.868064403533935547e-01
9.792454242706298828e-01
7.708158493041992188e-01
8.041157722473144531e-01
8.681264519691467285e-01
4.819797277450561523e-01
8.545911312103271484e-01
8.530978560447692871e-01
7.172735929489135742e-01
7.009844183921813965e-01
7.183961272239685059e-01
8.390742540359497070e-01
5.781202316284179688e-01
6.204504966735839844e-01
9.398065805435180664e-01
9.182028770446777344e-01
8.304932117462158203e-01
6.845465898513793945e-01
6.119387149810791016e-01
8.194276094436645508e-01
7.307357192039489746e-01
7.763389348983764648e-01
6.105095148086547852e-01
7.113690376281738281e-01
9.240499138832092285e-01
1.000000000000000000e+00
9.061307907104492188e-01
9.539828896522521973e-01
9.192644953727722168e-01
5.455522537231445312e-01
8.442840576171875000e-01
4.385854601860046387e-01
5.871042609214782715e-01
8.352783322334289551e-01
6.925032138824462891e-01
7.190154790878295898e-01
9.351018071174621582e-01
8.958676457405090332e-01
9.313681721687316895e-01
4.720053076744079590e-01
7.263340950012207031e-01
9.318441748619079590e-01
8.188295960426330566e-01
7.317222356796264648e-01
2.766610980033874512e-01
6.699009537696838379e-01
8.774566650390625000e-01
4.799302816390991211e-01
7.259454727172851562e-01
9.628669619560241699e-01
9.370388984680175781e-01
6.786386966705322266e-01
6.893491148948669434e-01
9.272313714027404785e-01
7.338351011276245117e-01
9.010236859321594238e-01
6.308577060699462891e-01
7.516138553619384766e-01
7.660198807716369629e-01
8.152449727058410645e-01
8.477758169174194336e-01
9.189639091491699219e-01
8.386253118515014648e-01
8.619503378868103027e-01
6.766055226325988770e-01
7.994360327720642090e-01
9.492551088333129883e-01
9.147754907608032227e-01
6.541651487350463867e-01
8.736187815666198730e-01
7.604939341545104980e-01
9.024814963340759277e-01
7.789657115936279297e-01
8.018816709518432617e-01
8.699619770050048828e-01
6.713972091674804688e-01
7.364693880081176758e-01
7.008229494094848633e-01
6.796392798423767090e-01
6.569236516952514648e-01
7.366769909858703613e-01
7.504968047142028809e-01
6.086254119873046875e-01
8.175544738769531250e-01
7.399969100952148438e-01
6.371709704399108887e-01
4.554802179336547852e-01
6.222071647644042969e-01
7.179836630821228027e-01
6.959965825080871582e-01
8.734749555587768555e-01
6.013445854187011719e-01
8.223782777786254883e-01
8.486411571502685547e-01
6.173118352890014648e-01
4.981705546379089355e-01
7.860662341117858887e-01
6.202964782714843750e-01
7.259401082992553711e-01
7.852042317390441895e-01
5.766312479972839355e-01
8.803653120994567871e-01
7.610929012298583984e-01
7.518790364265441895e-01
8.509899377822875977e-01
8.423526883125305176e-01
5.314208865165710449e-01
8.466895222663879395e-01
8.353710174560546875e-01
7.712548375129699707e-01
9.652652144432067871e-01
8.996001482009887695e-01
7.841819524765014648e-01
9.027249217033386230e-01
9.257004261016845703e-01
9.380492568016052246e-01
7.467609047889709473e-01
6.898260116577148438e-01
7.519773244857788086e-01
8.227204680442810059e-01
8.647856712341308594e-01
7.990906238555908203e-01
6.783070564270019531e-01
9.123015403747558594e-01
7.134937047958374023e-01
7.644273638725280762e-01
5.262085795402526855e-01
8.995417356491088867e-01
8.550276160240173340e-01
9.313492178916931152e-01
7.768030166625976562e-01
9.203490018844604492e-01
7.600528001785278320e-01
8.435019254684448242e-01
5.818431377410888672e-01
8.573982715606689453e-01
6.409265995025634766e-01
6.740305423736572266e-01
6.938538551330566406e-01
9.999994039535522461e-01
5.936858654022216797e-01
8.730301856994628906e-01
9.191317558288574219e-01
7.715185880661010742e-01
7.078322768211364746e-01
7.659806609153747559e-01
7.479321956634521484e-01
5.778195858001708984e-01
7.225275039672851562e-01
9.533257484436035156e-01
8.693857789039611816e-01
3.717796802520751953e-01
9.593664407730102539e-01
5.929951667785644531e-01
9.483921527862548828e-01
5.727187395095825195e-01
8.612274527549743652e-01
2.299224734306335449e-01
5.836548805236816406e-01
6.465938091278076172e-01
9.626543521881103516e-01
3.835735917091369629e-01
5.395129919052124023e-01
4.715784192085266113e-01
8.912006616592407227e-01
6.023738384246826172e-01
5.902782678604125977e-01
7.103185057640075684e-01
6.043177247047424316e-01
5.207687616348266602e-01
8.998178839683532715e-01
9.451060891151428223e-01
6.366031169891357422e-01
9.372833967208862305e-01
5.327513813972473145e-01
6.918071508407592773e-01
7.752227187156677246e-01
6.724866032600402832e-01
6.020740270614624023e-01
7.228665947914123535e-01
9.717649221420288086e-01
5.492882728576660156e-01
8.926081657409667969e-01
7.040519714355468750e-01
8.200329542160034180e-01
7.643390893936157227e-01
9.366836547851562500e-01
7.272685170173645020e-01
8.906916379928588867e-01
6.520797014236450195e-01
6.953837871551513672e-01
6.681660413742065430e-01
6.816092729568481445e-01
4.929034113883972168e-01
8.617621064186096191e-01
7.897178530693054199e-01
6.146955490112304688e-01
8.296718597412109375e-01
9.341006875038146973e-01
6.598854660987854004e-01
6.036745309829711914e-01
5.610628724098205566e-01
5.882571339607238770e-01
7.692095041275024414e-01
2.486365437507629395e-01
9.905230402946472168e-01
1.000000000000000000e+00
3.902615308761596680e-01
6.673988103866577148e-01
6.330055594444274902e-01
8.511076569557189941e-01
7.944680452346801758e-01
9.325432777404785156e-01
7.536278963088989258e-01
6.888092756271362305e-01
6.821154952049255371e-01
4.538433551788330078e-01
9.176635146141052246e-01
8.381014466285705566e-01
9.316120147705078125e-01
8.402025699615478516e-01
9.031118750572204590e-01
7.586509585380554199e-01
8.791912794113159180e-01
5.227932333946228027e-01
7.805916070938110352e-01
8.620015382766723633e-01
6.584055423736572266e-01
5.314933061599731445e-01
8.794007897377014160e-01
1.000000000000000000e+00
8.210002183914184570e-01
7.684938311576843262e-01
9.142953157424926758e-01
5.973561406135559082e-01
7.927994132041931152e-01
4.859054088592529297e-01
8.333420157432556152e-01
5.218423604965209961e-01
4.378359317779541016e-01
4.646946787834167480e-01
5.501939058303833008e-01
9.022690653800964355e-01
6.717714071273803711e-01
7.269312143325805664e-01
7.376363873481750488e-01
9.077535271644592285e-01
8.557376861572265625e-01
8.106058835983276367e-01
6.334925293922424316e-01
8.165780305862426758e-01
3.819450139999389648e-01
6.809916496276855469e-01
3.344564437866210938e-01
7.290060520172119141e-01
6.750131249427795410e-01
4.083009958267211914e-01
6.422423124313354492e-01
8.888599872589111328e-01
7.404152154922485352e-01
8.734323978424072266e-01
8.216905593872070312e-01
9.132228493690490723e-01
6.753109693527221680e-01
8.502041101455688477e-01
9.758731126785278320e-01
1.130574345588684082e-01
7.274266481399536133e-01
8.893252015113830566e-01
5.145226716995239258e-01
4.724964499473571777e-01
4.472718834877014160e-01
7.173649072647094727e-01
8.787599205970764160e-01
3.778842091560363770e-01
9.018182158470153809e-01
6.655730009078979492e-01
6.604428887367248535e-01
8.736993670463562012e-01
6.729203462600708008e-01
7.721573114395141602e-01
5.742938518524169922e-01
6.828720569610595703e-01
7.899508476257324219e-01
8.429796695709228516e-01
8.148511052131652832e-01
5.487498641014099121e-01
8.271412849426269531e-01
9.472615718841552734e-01
6.723420619964599609e-01
8.550617694854736328e-01
8.110145330429077148e-01
8.595114946365356445e-01
7.539510726928710938e-01
9.544928073883056641e-01
9.231060743331909180e-01
7.007144689559936523e-01
8.644177913665771484e-01
8.034209012985229492e-01
4.765276312828063965e-01
9.371962547302246094e-01
8.359967470169067383e-01
7.694323658943176270e-01
6.286164522171020508e-01
8.447030782699584961e-01
9.158481955528259277e-01
8.034242391586303711e-01
6.132165193557739258e-01
8.144377470016479492e-01
9.468053579330444336e-01
9.325882196426391602e-01
9.332928061485290527e-01
6.563163995742797852e-01
8.428729176521301270e-01
8.495596647262573242e-01
8.209301233291625977e-01
8.107327818870544434e-01
7.408031225204467773e-01
9.207578301429748535e-01
8.571779727935791016e-01
9.201052188873291016e-01
6.933676004409790039e-01
5.515829324722290039e-01
8.223981261253356934e-01
6.626018881797790527e-01
8.727034926414489746e-01
9.027865529060363770e-01
1.000000000000000000e+00
6.269149780273437500e-01
6.817895174026489258e-01
8.483637571334838867e-01
7.876925468444824219e-01
6.020079255104064941e-01
7.998518347740173340e-01
6.643557548522949219e-01
7.778854370117187500e-01
8.261368274688720703e-01
8.049083352088928223e-01
7.483985424041748047e-01
8.634877800941467285e-01
8.846483230590820312e-01
5.203950405120849609e-01
9.068058729171752930e-01
8.332391381263732910e-01
8.066928386688232422e-01
7.703762054443359375e-01
7.784135937690734863e-01
8.940434455871582031e-01
6.419590115547180176e-01
8.738012313842773438e-01
7.207896709442138672e-01
7.602188587188720703e-01
8.126347064971923828e-01
8.712755441665649414e-01
8.675360679626464844e-01
6.577392220497131348e-01
9.220510721206665039e-01
6.709502935409545898e-01
8.225096464157104492e-01
9.333937764167785645e-01
9.026833176612854004e-01
9.140074253082275391e-01
8.698104619979858398e-01
7.048493027687072754e-01
8.440932631492614746e-01
9.318501949310302734e-01
7.110280990600585938e-01
6.823717355728149414e-01
7.185800075531005859e-01
8.028897643089294434e-01
9.338228106498718262e-01
3.876639008522033691e-01
3.919457197189331055e-01
7.788805961608886719e-01
7.473832368850708008e-01
6.962572932243347168e-01
5.624533891677856445e-01
6.933084726333618164e-01
7.886216640472412109e-01
8.652313947677612305e-01
7.688313722610473633e-01
9.507960677146911621e-01
7.171601057052612305e-01
9.628213644027709961e-01
7.619996666908264160e-01
5.449083447456359863e-01
8.085310459136962891e-01
3.441514968872070312e-01
9.072210192680358887e-01
8.165391683578491211e-01
7.420109510421752930e-01
8.446422815322875977e-01
5.770415067672729492e-01
7.626039981842041016e-01
8.669151663780212402e-01
7.527260184288024902e-01
4.624159932136535645e-01
6.553043127059936523e-01
9.520056843757629395e-01
8.776913285255432129e-01
6.298417448997497559e-01
8.614345788955688477e-01
8.246943354606628418e-01
7.941774725914001465e-01
7.402372956275939941e-01
6.954126358032226562e-01
7.870466113090515137e-01
7.705844044685363770e-01
7.076618671417236328e-01
8.779699206352233887e-01
6.937874555587768555e-01
7.559902071952819824e-01
9.441077113151550293e-01
9.627584218978881836e-01
7.716588973999023438e-01
5.958747863769531250e-01
7.999655604362487793e-01
7.231355905532836914e-01
8.028599023818969727e-01
9.132254719734191895e-01
8.144863247871398926e-01
6.255077123641967773e-01
7.962112426757812500e-01
9.214542508125305176e-01
6.612137556076049805e-01
8.350594043731689453e-01
7.917685508728027344e-01
6.995290517807006836e-01
9.259655475616455078e-01
7.645489573478698730e-01
6.003834605216979980e-01
8.327739238739013672e-01
7.033581733703613281e-01
8.715496659278869629e-01
9.132131338119506836e-01
9.344306588172912598e-01
7.076752185821533203e-01
9.525623321533203125e-01
7.683975100517272949e-01
6.862274408340454102e-01
6.658808588981628418e-01
8.453893065452575684e-01
6.566985845565795898e-01
9.029313921928405762e-01
6.250957846641540527e-01
6.162134408950805664e-01
5.176836252212524414e-01
5.775312185287475586e-01
8.626754283905029297e-01
6.496883630752563477e-01
7.984507083892822266e-01
7.238630056381225586e-01
7.836151123046875000e-01
7.959164381027221680e-01
7.882567048072814941e-01
9.639624357223510742e-01
9.570685029029846191e-01
6.399756669998168945e-01
6.427350640296936035e-01
5.911877155303955078e-01
6.969398260116577148e-01
8.978543877601623535e-01
3.692229390144348145e-01
9.510561227798461914e-01
9.146279096603393555e-01
9.057800173759460449e-01
7.338174581527709961e-01
7.817457914352416992e-01
4.894909858703613281e-01
4.440971612930297852e-01
8.656334877014160156e-01
8.460329771041870117e-01
7.014293670654296875e-01
5.980042219161987305e-01
6.475237607955932617e-01
5.477267503738403320e-01
7.133452296257019043e-01
8.905707597732543945e-01
7.127590179443359375e-01
7.601848840713500977e-01
7.019627094268798828e-01
7.237869501113891602e-01
8.365795612335205078e-01
6.385735273361206055e-01
5.834776759147644043e-01
8.230164051055908203e-01
7.712955474853515625e-01
9.125699400901794434e-01
9.195765852928161621e-01
6.224622726440429688e-01
9.183877110481262207e-01
8.644874095916748047e-01
7.891564369201660156e-01
6.816351413726806641e-01
9.459370374679565430e-01
8.885723948478698730e-01
5.338200330734252930e-01
6.833343505859375000e-01
7.387769222259521484e-01
8.716197609901428223e-01
7.088823318481445312e-01
6.679757833480834961e-01
7.516669631004333496e-01
9.382157921791076660e-01
8.266319036483764648e-01
9.485726952552795410e-01
8.739373683929443359e-01
8.813138008117675781e-01
9.120964407920837402e-01
6.494197249412536621e-01
4.766497611999511719e-01
9.634297490119934082e-01
5.999358296394348145e-01
